0.9999806687143848
0.9999236521672893
0.9998303860434821
0.9997022659221944
0.9995406476677118
0.9993468478812814
0.9991221444077188
0.9988677768904888
0.9985849473694272
0.9982748209156528
0.9979385262985803
0.9975771566803097
0.9971917703330124
0.996783391375255
0.9963530105235232
0.995901585855516
0.9954300435820459
0.9949392788246753
0.9944301563964546
0.9939035115833826
0.9933601509244273
0.9928008529881597
0.9922263691442563
0.9916374243283055
0.9910347177985246
0.9904189238831635
0.9897906927175086
0.9891506509695457
0.988499402553467
0.9878375293303165
0.9871655917951889
0.9864841297504834
0.9857936629648083
0.9850946918172235
0.9843876979265607
0.9836731447656574
0.9829514782603797
0.9822231273733755
0.9814885046725476
0.9807480068842809
0.9800020154314977
0.9792508969566518
0.9784950038298021
0.9777346746419371
0.976970234683742
0.9762019964100268
0.9754302598900457
0.9746553132439594
0.973877433065703
0.9730968848325336
0.972313923301536
0.9715287928933838
0.9707417280636476
0.9699529536619451
0.9691626852792481
0.9683711295836354
0.9675784846448094
0.9667849402476693
0.9659906781952514
0.9651958726013328
0.9644006901729958
0.9636052904834502
0.9628098262354016
0.9620144435152497
0.9612192820384043
0.9604244753859857
0.9596301512331904
0.9588364315695784
0.9580434329115496
0.9572512665072545
0.9564600385341958
0.9556698502897548
0.9548807983748846
0.9540929748711917
0.9533064675116382
0.9525213598450739
0.9517377313948151
0.9509556578114685
0.9501752110202076
0.9493964593626852
0.9486194677337775
0.9478442977133337
0.9470710076931136
0.9462996529990786
0.9455302860092031
0.9447629562669636
0.9439977105906632
0.9432345931787367
0.9424736457111843
0.9417149074472692
0.9409584153196173
0.940204204024847
0.939452306110856
0.9387027520608848
0.9379555703744762
0.9372107876454402
0.9364684286369392
0.9357285163537924
0.9349910721121042
0.9342561156063154
0.9335236649737692
0.9327937368568842
0.9320663464630219
0.9313415076221337
0.9306192328422703
0.9298995333630273
0.9291824192070083
0.9284678992293776
0.9277559811655669
0.9270466716772136
0.9263399763963884
0.9256358999681756
0.924934446091673
0.9242356175594615
0.9235394162956074
0.9228458433922455
0.9221548991448012
0.9214665830858989
0.9207808940180019
0.9200978300448377
0.9194173886016479
0.9187395664843059
0.918064359877348
0.9173917643809555
0.9167217750369234
0.9160543863536607
0.9153895923302485
0.9147273864796001
0.9140677618507457
0.9134107110502843
0.9127562262630254
0.9121042992718544
0.9114549214768498
0.910808083913676
0.9101637772712842
0.909521991908943
0.9088827178726226
0.9082459449107585
0.907611662489416
0.9069798598068793
0.9063505258076818
0.9057236491961049
0.9050992184491582
0.9044772218290624
0.9038576473952562
0.9032404830159375
0.9026257163791644
0.9020133350035241
0.9014033262483924
0.9007956773237915
0.9001903752998685
0.899587407116002
0.898986759589554
0.8983884194242773
0.8977923732183962
0.8971986074723638
0.8966071085963149
0.8960178629172255
0.8954308566857823
0.894846076082982
0.8942635072264636
0.8936831361765863
0.8931049489422621
0.8925289314865505
0.8919550697320267
0.8913833495659272
0.8908137568450867
0.8902462774006684
0.8896808970426976
0.8891176015644074
0.8885563767463995
0.8879972083606298
0.8874400821742245
0.8868849839531323
0.8863318994656189
0.8857808144856095
0.885231714795886
0.884684586191141
0.8841394144808981
0.8835961854923008
0.8830548850727735
0.8825154990925637
0.8819780134471642
0.8814424140596253
0.8809086868827561
0.8803768179012221
0.8798467931335413
0.8793185986339834
0.8787922204943766
0.8782676448458211
0.8777448578603197
0.8772238457523212
0.876704594780185
0.8761870912475682
0.8756713215047374
0.8751572719498082
0.8746449290299164
0.8741342792423218
0.8736253091354479
0.8731180053098596
0.8726123544191811
0.8721083431709576
0.871605958327461
0.8711051867064423
0.8706060151818329
0.8701084306843978
0.8696124202023402
0.8691179707818615
0.8686250695276764
0.8681337036034884
0.8676438602324203
0.8671555266974107
0.8666686903415698
0.866183338568501
0.8656994588425864
0.8652170386892394
0.8647360656951267
0.864256527508358
0.8637784118386465
0.8633017064574421
0.8628263991980353
0.8623524779556367
0.8618799306874326
0.8614087454126116
0.8609389102123733
0.8604704132299135
0.8600032426703852
0.8595373868008431
0.8590728339501659
0.8586095725089619
0.8581475909294545
0.8576868777253506
0.8572274214716961
0.8567692108047101
0.8563122344216085
0.8558564810804106
0.8554019395997321
0.8549485988585663
0.8544964477960526
0.8540454754112288
0.8535956707627781
0.8531470229687615
0.8526995212063391
0.8522531547114827
0.8518079127786798
0.8513637847606266
0.8509207600679114
0.8504788281686941
0.8500379785883734
0.8495982009092478
0.8491594847701709
0.8487218198661981
0.8482851959482286
0.8478496028226388
0.8474150303509136
0.8469814684492689
0.8465489070882702
0.8461173362924473
0.8456867461399027
0.8452571267619172
0.8448284683425504
0.8444007611182378
0.8439739953773842
0.8435481614599547
0.8431232497570598
0.8426992507105417
0.8422761548125537
0.8418539526051406
0.8414326346798141
0.8410121916771269
0.8405926142862464
0.8401738932445241
0.8397560193370645
0.8393389833962919
0.8389227763015178
0.8385073889785039
0.8380928123990268
0.8376790375804395
0.8372660555852341
0.8368538575206028
0.8364424345379964
0.836031777832687
0.8356218786433252
0.8352127282514992
0.8348043179812958
0.8343966391988561
0.8339896833119367
0.8335834417694665
0.8331779060611069
0.8327730677168095
0.8323689183063768
0.8319654494390202
0.8315626527629203
0.831160519964788
0.8307590427694247
0.8303582129392837
0.8299580222740321
0.8295584626101137
0.829159525820312
0.8287612038133148
0.828363488533278
0.827966371959393
0.827569846105451
0.8271739030194117
0.8267785347829724
0.8263837335111347
0.8259894913517775
0.8255958004852262
0.8252026531238263
0.8248100415115157
0.8244179579233999
0.8240263946653263
0.8236353440734623
0.8232447985138716
0.8228547503820935
0.8224651921027233
0.822076116128992
0.8216875149423497
0.8212993810520492
0.8209117069947295
0.8205244853340021
0.8201377086600387
0.8197513695891573
0.8193654607634138
0.8189799748501905
0.8185949045417902
0.8182102425550262
0.8178259816308187
0.8174421145337888
0.8170586340518551
0.8166755329958321
0.8162928041990277
0.8159104405168444
0.8155284348263793
0.8151467800260275
0.8147654690350838
0.8143844947933496
0.8140038502607364
0.8136235284168738
0.8132435222607164
0.8128638248101542
0.8124844291016204
0.8121053281897055
0.8117265151467661
0.8113479830625412
0.8109697250437641
0.8105917342137785
0.8102140037121549
0.8098365266943078
0.8094592963311132
0.8090823058085288
0.8087055483272124
0.8083290171021444
0.8079527053622492
0.8075766063500176
0.8072007133211304
0.8068250195440833
0.8064495182998119
0.806074202881317
0.805699066593293
0.8053241027517546
0.8049493046836643
0.8045746657265636
0.8042001792282003
0.8038258385461614
0.8034516370475032
0.8030775681083817
0.8027036251136872
0.8023298014566771
0.8019560905386076
0.8015824857683695
0.8012089805621233
0.8008355683429331
0.8004622425404028
0.8000889965903125
0.7997158239342557
0.7993427180192748
0.7989696722975006
0.7985966802257886
0.7982237352653577
0.7978508308814297
0.797477960542867
0.7971051177218127
0.7967322958933292
0.7963594885350391
0.7959866891267647
0.7956138911501673
0.7952410880883893
0.7948682734256933
0.7944954406471039
0.7941225832380476
0.7937496946839945
0.7933767684700986
0.7930037980808393
0.7926307769996629
0.792257698708622
0.7918845566880185
0.7915113444160438
0.7911380553684201
0.7907646830180399
0.7903912208346092
0.7900176622842864
0.7896440008293227
0.7892702299277039
0.7888963430327892
0.7885223335929513
0.7881481950512172
0.787773920844906
0.7873995044052696
0.7870249391571303
0.7866502185185202
0.7862753359003187
0.7859002847058913
0.7855250583307261
0.7851496501620707
0.7847740535785706
0.784398261949903
0.7840222686364134
0.7836460669887517
0.7832696503475065
0.7828930120428375
0.7825161453941115
0.782139043709535
0.7817617002857855
0.7813841084076442
0.7810062613476277
0.7806281523656173
0.7802497747084909
0.7798711216097498
0.7794921862891497
0.7791129619523272
0.7787334417904275
0.7783536189797302
0.7779734866812762
0.7775930380404908
0.7772122661868097
0.776831164233301
0.7764497252762883
0.7760679423949726
0.7756858086510517
0.7753033170883421
0.7749204607323966
0.7745372325901234
0.7741536256494032
0.7737696328787049
0.7733852472267027
0.7730004616218883
0.7726152689721872
0.7722296621645699
0.7718436340646632
0.7714571775163621
0.7710702853414396
0.7706829503391547
0.7702951652858606
0.769906922934612
0.7695182160147711
0.7691290372316117
0.7687393792659242
0.7683492347736174
0.7679585963853213
0.7675674567059885
0.767175808314493
0.7667836437632299
0.7663909555777138
0.7659977362561747
0.7656039782691554
0.7652096740591057
0.764814816039977
0.7644193965968155
0.7640234080853545
0.7636268428316055
0.7632296931314492
0.7628319512502244
0.7624336094223171
0.7620346598507487
0.7616350947067622
0.7612349061294088
0.7608340862251332
0.7604326270673585
0.7600305206960696
0.7596277591173967
0.759224334303197
0.7588202381906384
0.7584154626817782
0.7580099996431452
0.7576038409053194
0.7571969782625121
0.7567894034721434
0.7563811082544225
0.7559720842919251
0.7555623232291716
0.7551518166722044
0.7547405561881664
0.7543285333048769
0.7539157395104097
0.7535021662526701
0.7530878049389716
0.7526726469356145
0.7522566835674617
0.7518399061175176
0.7514223058265059
0.7510038738924482
0.7505846014702421
0.7501644796712428
0.7497434995628408
0.7493216521680456
0.7488989284650657
0.7484753193868925
0.7480508158208848
0.7476254086083531
0.7471990885441475
0.746771846376245
0.7463436728053404
0.7459145584844362
0.7454844940184386
0.7450534699637512
0.7446214768278733
0.7441885050690004
0.743754545095627
0.7433195872661514
0.7428836218884856
0.7424466392196644
0.7420086294654629
0.741569582780013
0.7411294892654253
0.7406883389714166
0.7402461218949384
0.7398028279798121
0.7393584471163674
0.7389129691410881
0.7384663838362588
0.7380186809296213
0.7375698500940345
0.7371198809471399
0.7366687630510356
0.7362164859119539
0.7357630389799492
0.7353084116485906
0.7348525932546625
0.7343955730778747
0.7339373403405801
0.7334778842074996
0.7330171937854592
0.7325552581231337
0.7320920662108028
0.7316276069801158
0.7311618693038693
0.7306948419957937
0.7302265138103539
0.7297568734425613
0.7292859095277989
0.728813610641661
0.7283399652998039
0.7278649619578154
0.7273885890110964
0.72691083479476
0.7264316875835465
0.7259511355917564
0.7254691669731993
0.7249857698211646
0.7245009321684087
0.7240146419871648
0.7235268871891706
0.7230376556257214
0.7225469350877431
0.72205471330589
0.7215609779506668
0.7210657166325753
0.7205689169022895
0.7200705662508552
0.7195706521099194
0.7190691618519909
0.7185660827907283
0.7180614021812615
0.7175551072205464
0.7170471850477529
0.7165376227446888
0.7160264073362613
0.7155135257909737
0.7149989650214656
0.714482711885091
0.713964753184541
0.7134450756685075
0.712923666032397
0.7124005109190874
0.7118755969197367
0.7113489105746402
0.7108204383741428
0.7102901667596024
0.7097580821244149
0.7092241708150906
0.7086884191323977
0.7081508133325649
0.7076113396285499
0.707069984191374
0.7065267331515288
0.7059815726004518
0.7054344885920786
0.7048854671444723
0.704334494241531
0.7037815558347801
0.7032266378452489
0.7026697261654351
0.7021108066613638
0.7015498651747369
0.7009868875251855
0.7004218595126186
0.6998547669196818
0.6992855955143203
0.6987143310524573
0.6981409592807875
0.697565465939689
0.696987836766264
0.6964080574975028
0.6958261138735845
0.695241991641314
0.6946556765577003
0.6940671543936835
0.6934764109380127
0.692883432001281
0.692288203420124
0.6916907110615854
0.6910909408276567
0.6904888786599966
0.6898845105448352
0.6892778225180722
0.6886688006705699
0.6880574311536549
0.68744370018483
0.6868275940537047
0.6862090991281523
0.6855882018607021
0.6849648887951715
0.6843391465735493
0.6837109619431369
0.6830803217639542
0.682447213016425
0.6818116228093428
0.6811735383881339
0.6805329471434235
0.6798898366199133
0.6792441945255877
0.6785960087412511
0.677945267330414
0.6772919585495344
0.6766360708586283
0.6759775929322634
0.675316513670944
0.6746528222129045
0.6739865079463189
0.6733175605219488
0.6726459698662348
0.6719717261948515
0.6712948200267378
0.6706152421986228
0.6699329838800552
0.6692480365889614
0.6685603922077415
0.6678700429999259
0.6671769816274081
0.6664812011682707
0.6657826951352275
0.6650814574946965
0.6643774826865283
0.6636707656444054
0.6629613018169386
0.6622490871894803
0.6615341183066746
0.6608163922957717
0.6600959068907273
0.659372660457111
0.6586466520178524
0.657917881279845
0.6571863486614384
0.6564520553208438
0.6557150031854823
0.6549751949823028
0.6542326342690978
0.6534873254668505
0.6527392738931399
0.6519884857966376
0.6512349683927277
0.6504787299002829
0.6497197795796291
0.6489581277717352
0.6481937859386614
0.6474267667053014
0.6466570839024575
0.6458847526112839
0.645109789209135
0.6443322114168633
0.6435520383475966
0.6427692905570462
0.6419839900953775
0.641196160560688
0.6404058271541365
0.6396130167367636
0.6388177578880474
0.6380200809662387
0.6372200181705188
0.6364176036050255
0.6356128733447923
0.6348058655036442
0.6339966203040982
0.6331851801493125
0.6323715896971287
0.6315558959362553
0.6307381482646377
0.6299183985700559
0.629096701313
0.628273113611864
0.6274476953305033
0.6266205091681963
0.6257916207520579
0.6249610987319341
0.6241290148778313
0.6232954441799048
0.6224604649510499
0.6216241589321279
0.6207866113998549
0.6199479112773877
0.6191081512476263
0.6182674278692601
0.6174258416955742
0.6165834973960316
0.615740503880639
0.6148969744271062
0.6140530268107962
0.6132087834374577
0.6123643714787346
0.6115199230104278
0.6106755751534859
0.609831470217689
0.6089877558479831
0.6081445851734133
0.6073021169585912
0.6064605157576242
0.6056199520704236
0.6047806025012885
0.6039426499196601
0.6031062836229173
0.6022716995010757
0.60143910020323
0.6006086953055684
0.5997807014807657
0.5989553426685432
0.5981328502471605
0.5973134632055893
0.5964974283160879
0.5956850003068752
0.5948764420345792
0.5940720246561019
0.5932720277995204
0.5924767397336133
0.5916864575355641
0.5909014872563736
0.5901221440834625
0.5893487524999306
0.5885816464398826
0.5878211694392068
0.5870676747811496
0.5863215256359846
0.5855830951940393
0.5848527667912975
0.5841309340267549
0.5834180008706511
0.5827143817626721
0.5820205016991576
0.5813367963083084
0.5806637119123421
0.5800017055754967
0.5793512451367406
0.5787128092259942
0.5780868872626315
0.5774739794349827
0.5768745966595191
0.5762892605183558
0.5757185031736801
0.5751628672576693
0.5746229057364347
0.5740991817465024
0.5735922684023146
0.5731027485732177
0.5726312146283938
0.5721782681481834
0.5717445196002474
0.5713305879790276
0.5709371004069765
0.5705646916960606
0.5702140038680662
0.5698856856322941
0.5695803918192793
0.5692987827692411
0.5690415236740575
0.5688092838716432
0.5686027360917284
0.568422555652153
0.5682694196049372
0.5681440058315268
0.5680469920868096
0.5679790549916544
0.5679408689739484
0.5679331051583171
0.5679564302049498
0.5680115050981989
0.568098983885893
0.568219512370583
0.5683737267542278
0.5685622522381453
0.5687857015803661
0.569044673612858
0.5693397517214278
0.5696715022914561
0.5700404731229676
0.5704471918188895
0.570892164150717
0.5713758724061352
0.5718987737235173
0.5724612984185338
0.5730638483084538
0.573706795040017
0.5743904784270629
0.5751152048043666
0.5758812454043912
0.5766888347638822
0.577538169167423
0.5784294051352311
0.5793626579625945
0.5803380003184259
0.5813554609104562
0.5824150232245767
0.583516624345795
0.5846601538681548
0.5858454529008343
0.5870723131774149
0.5883404762750764
0.5896496329501529
0.5909994225961364
0.5923894328297897
0.593819199210596
0.5952882050982362
0.5967958816522604
0.5983416079775028
0.5999247114181696
0.601544468002852
0.603200103042015
0.6048907918787857
0.6066156607931091
0.6083737880585752
0.6101642051504332
0.6119858981025299
0.61383780901011
0.6157188376746479
0.6176278433860948
0.6195636468371848
0.6215250321637014
0.6235107491039162
0.6255195152697364
0.6275500185214758
0.6296009194375871
0.6316708538701531
0.6337584355764693
0.6358622589166244
0.6379809016066377
0.6401129275164112
0.642256889501542
0.6444113322578761
0.6465747951876072
0.6487458152657071
0.6509229298955249
0.6531046797425378
0.6552896115354009
0.657476280823739
0.6596632546824199
0.6618491143524523
0.6640324578090934
0.66621190224824
0.6683860864827308
0.6705536732407762
0.672713351359359
0.6748638378661056
0.6770038799438292
0.6791322567726406
0.6812477812452616
0.6833493015519012
0.6854357026318023
0.6875059074892955
0.689558878372935
0.6915936178169988
0.6936091695453445
0.6956046192382761
0.6975790951637387
0.6995317686747656
0.7014618545756913
0.7033686113601882
0.7052513413246908
0.7071093905612342
0.708942148834151
0.7107490493454531
0.7125295683940422
0.7142832249341826
0.7160095800389055
0.7177082362742074
0.7193788369900421
0.7210210655342297
0.7226346443954454
0.7242193342814924
0.72577493313904
0.7273012751209591
0.7287982295073118
0.730265699585926
0.7317036214983659
0.733111963056923
0.7344907225380863
0.7358399274577302
0.7371596333330463
0.738449922436003
0.7397109025428747
0.7409427056841266
0.742145486898674
0.7433194229962777
0.7444647113315578
0.7455815685928521
0.746670229608868
0.7477309461758193
0.7487639859074805
0.7497696311103323
0.7507481776857355
0.7516999340608294
0.7526252201496144
0.7535243663454757
0.7543977125461832
0.7552456072122066
0.7560684064590105
0.7568664731837966
0.7576401762270183
0.758389889568825
0.7591159915604597
0.7598188641904968
0.7604988923856967
0.7611564633461325
0.7617919659141575
0.7624057899766881
0.7629983259001927
0.7635699639977205
0.764121094027231
0.7646521047204369
0.7651633833413273
0.7656553152735055
0.7661282836354348
0.7665826689226694
0.7670188486761297
0.7674371971754604
0.7678380851565128
0.7682218795519768
0.7685889432542057
0.7689396348992604
0.7692743086712313
0.7695933141258868
0.7698969960327237
0.7701856942345076
0.7704597435234101
0.7707194735328671
0.77096520864431
0.7711972679079395
0.7714159649767393
0.7716216080529467
0.7718144998462334
0.7719949375428617
0.7721632127851205
0.7723196116603626
0.7724644146990011
0.7725978968808369
0.7727203276491285
0.7728319709318308
0.7729330851694641
0.773023923349093
0.773104733043923
0.7731757564580474
0.7732372304758967
0.7732893867159737
0.7733324515884695
0.7733666463563854
0.7733921871998051
0.7734092852829767
0.773418146823893
0.7734189731660656
0.7734119608522169
0.7733973016996284
0.7733751828768944
0.7733457869818532
0.7733092921204825
0.773265871986556
0.7732156959418746
0.7731589290968993
0.773095732391625
0.7730262626765445
0.7729506727935676
0.7728691116567631
0.7727817243328128
