0.9984216074432924
0.9945582239702797
0.9893940111855801
0.983573009295545
0.9775024458408823
0.9714319643581302
0.9655090969570052
0.9598163406922603
0.9543953338664782
0.9492624123438677
0.9444185449138023
0.9398556470009539
0.9355605730941442
0.9315176239190118
0.9277101034819122
0.9241212683737502
0.9207348887748089
0.917535562164939
0.914508870577743
0.9116414400324833
0.908920940015394
0.90633604744147
0.9038763907950038
0.9015324844573084
0.8992956595171308
0.8971579949365743
0.8951122513681724
0.8931518088973753
0.8912706093293882
0.8894631032252668
0.8877242016369462
0.886049232339844
0.8844339002785254
0.8828742519015546
0.8813666430499925
0.8799077100694699
0.8784943438312885
0.8771236663690278
0.8757930098606654
0.8744998977103907
0.8732420275079039
0.8720172556654261
0.8708235835534643
0.8696591449754824
0.8685221948389393
0.8674110988957756
0.8663243244393803
0.8652604318575615
0.8642180669521132
0.8631959539454385
0.862192889103392
0.861207734911252
0.8602394147465584
0.8592869079986045
0.8583492455897223
0.8574255058582255
0.8565148107670727
0.8556163224060025
0.8547292397581809
0.853852795705296
0.852986254247611
0.8521289079177555
0.8512800753690548
0.8504390991209828
0.8496053434458957
0.8487781923826149
0.8479570478636521
0.8471413279439663
0.8463304651200981
0.8455239047293784
0.8447211034196371
0.8439215276804931
0.8431246524278471
0.84232995963369
0.8415369369937338
0.840745076625706
0.8399538737914248
0.8391628256359737
0.8383714299374514
0.8375791838608658
0.8367855827097821
0.8359901186693189
0.8351922795340202
0.8343915474140065
0.8335873974126268
0.8327792962685939
0.8319667009552849
0.8311490572295172
0.83032579812168
0.8294963423585745
0.8286600927097351
0.8278164342473022
0.8269647325087374
0.8261043315507718
0.8252345518819663
0.8243546882600875
0.8234640073392249
0.8225617451500553
0.8216471043950339
0.8207192515383603
0.8197773136684613
0.8188203751083093
0.8178474737461737
0.8168575970563136
0.8158496777756437
0.8148225891984463
0.8137751400467285
0.8127060688687628
0.8116140379125714
0.8104976264145975
0.8093553232363697
0.8081855187735187
0.8069864960519112
0.8057564209147241
0.8044933311918527
0.8031951247288812
0.8018595461367408
0.8004841721048728
0.7990663950999011
0.7976034052482484
0.7960921701744471
0.7945294125368367
0.7929115849685959
0.7912348420944649
0.7894950092519707
0.7876875475006565
0.7858075144542668
0.7838495204201746
0.7818076792796788
0.7796755534955881
0.7774460925955363
0.7751115644597597
0.7726634787547717
0.7700925019212984
0.7673883632794215
0.7645397521072006
0.7615342060589003
0.7583579921340562
0.7549959827700643
0.7514315317859084
0.7476463582781818
0.7436204518173031
0.7393320204232364
0.73475751538475
0.7298717864649074
0.7246484512140313
0.719060608928721
0.7130821024989287
0.7066896442763017
0.6998662969752498
0.6926070697820401
0.6849277985754738
0.6768790838568258
0.668567910958828
0.6601906576453075
0.6520822501519549
0.6447863569613399
0.6391483158504884
0.636420814922834
0.6383438197955902
0.6471086649271587
0.6650584381283784
0.6939866800241585
0.7340932918277576
0.7830517143605058
0.8359388011367179
0.8865007362056407
0.9292854853684704
0.961340417681462
0.9824870781072477
0.994394838242717
0.9993903054925917
0.9996558620928359
0.9969061161535389
0.9923614516952047
0.9868397677999688
0.980867607875836
0.9747733556483887
0.968755305019209
0.9629281660321145
0.9573537476334129
0.9520608260829164
0.9470578805102221
0.9423412073274681
0.937900065949459
0.9337199237723901
0.9297844852053895
0.9260769428442855
0.9225807312525642
0.9192799633006938
0.9161596648322864
0.9132058823114139
0.9104057116620013
0.9077472794302524
0.9052196963250414
0.902812995984871
0.9005180671206261
0.8983265841161675
0.8962309391689117
0.8942241777531028
0.8922999383499601
0.8904523968541178
0.8886762157311007
0.8869664977975112
0.885318744378598
0.8837288175367672
0.8821929060392477
0.8807074947301817
0.8792693369831095
0.877875429928228
0.8765229921712784
0.8752094437448846
0.8739323880572207
0.8726895956260209
0.8714789894076866
0.8702986315513154
0.869146711425764
0.868021534784419
0.8669215139471901
0.8658451588925339
0.8647910691641495
0.8637579265075065
0.8627444881606873
0.8617495807323007
0.8607720946065318
0.8598109788218689
0.8588652363757717
0.85793391991261
0.8570161277566798
0.8561110002560667
0.8552177164066307
0.8543354907284939
0.8534635703701592
0.8526012324178155
0.8517477813895534
0.8509025468961081
0.8500648814514505
0.8492341584180331
0.848409770072827
0.8475911257814502
0.846777650268723
0.8459687819748876
0.8451639714875291
0.8443626800399319
0.8435643780671956
0.842768543811975
0.8419746619721244
0.8411822223829336
0.8403907187269044
0.8395996472643007
0.8388085055778578
0.83801679132518
0.8372240009924187
0.8364296286428388
0.8356331646538518
0.834834094435984
0.8340318971271156
0.8332260442551143
0.832415998361714
0.8316012115801626
0.8307811241587721
0.8299551629220175
0.8291227396602934
0.8282832494387917
0.8274360688152431
0.8265805539554194
0.8257160386343496
0.8248418321101215
0.8239572168559217
0.8230614461345778
0.82215374139831
0.8212332894946294
0.8202992396573277
0.8193507002592431
0.8183867353009519
0.8174063606066378
0.8164085396951546
0.8153921792905918
0.8143561244324858
0.8132991531410934
0.8122199705877555
0.811117202714313
0.8099893892385865
0.8088349759750927
0.8076523063912056
0.8064396123087988
0.8051950036498351
0.803916457111168
0.8026018036388369
0.8012487145550641
0.7998546861717848
0.7984170227025118
0.7969328172594299
0.7953989306944408
0.7938119680112096
0.7921682520398143
0.7904637940262322
0.7886942607456326
0.7868549377015821
0.7849406879235926
0.7829459058244478
0.7808644655290753
0.7786896630428045
0.7764141515956511
0.7740298694919683
0.7715279598284831
0.7688986815449245
0.7661313114804895
0.7632140374880322
0.7601338433000456
0.7568763868896624
0.7534258757450661
0.7497649451123778
0.7458745493758608
0.7417338831301895
0.7373203583881384
0.7326096796696792
0.7275760824124721
0.7221928368744345
0.7164331767114717
0.7102718999624158
0.7036880275735131
0.6966691169640747
0.6892181533973143
0.6813644310976555
0.673180546603886
0.6648085910050651
0.6564997539232601
0.648672367677692
0.6419924899756458
0.637474979817814
0.636584952516792
0.6412807633317459
0.6538805806152865
0.6765937675703658
0.7106381895423638
0.7551642520979297
0.8066141914617088
0.8592369483582025
0.9068664769700591
0.9450346283902511
0.9720874633011511
0.9888264740218697
0.9973472769444438
0.9999796554380506
0.9987138381924631
0.9950360805272704
0.9899726109733611
0.9841977922470939
0.9781394242484709
0.9720606364721488
0.9661176183401868
0.9603983431405059
0.9549478671732746
0.9497846255460918
0.9449108462446228
0.9403191712527472
0.9359968457733614
0.9319283512888092
0.928097043138349
0.9244861513196131
0.9210793743596347
0.9178612139037134
0.9148171451171688
0.9119336842716893
0.9091983931567532
0.9065998458943738
0.9041275746019508
0.9017720043985311
0.8995243843677708
0.8973767185576258
0.8953216994470566
0.8933526452408642
0.8914634416669878
0.889648488515811
0.8879026508921641
0.8862212149907365
0.8845998481167
0.8830345626302347
0.8815216834797117
0.8800578189922953
0.8786398346055019
0.8772648292438183
0.8759301140678974
0.8746331933479741
0.8733717472369004
0.8721436162407369
0.8709467872058562
0.8697793806607962
0.8686396393686094
0.8675259179612187
0.8664366735414444
0.865370457150976
0.8643259060138039
0.86330173647457
0.8622967375601636
0.8613097651006968
0.860339736352921
0.8593856250752786
0.8584464570092003
0.8575213057260456
0.8566092888033306
0.8557095642976382
0.854821327484919
0.8539438078418352
0.8530762662444047
0.8522179923624982
0.8513683022307951
0.8505265359785973
0.8496920557025145
0.8488642434674447
0.8480424994225195
0.8472262400197977
0.8464148963244633
0.8456079124061344
0.844804743801641
0.8440048560402836
0.8432077232231552
0.8424128266485689
0.841619653476085
0.8408276954219304
0.8400364474789039
0.8392454066540769
0.838454070717738
0.8376619369571551
0.836868500928757
0.8360732552023308
0.8352756880907827
0.8344752823588654
0.833671513904131
0.8328638504031105
0.8320517499154356
0.8312346594382624
0.8304120134029183
0.829583232105186
0.8287477200600665
0.8279048642711581
0.8270540324040415
0.8261945708521554
0.8253258026826459
0.8244470254485421
0.8235575088522978
0.8226564922443029
0.8217431819382951
0.8208167483237516
0.8198763227532265
0.8189209941802258
0.8179498055205063
0.8169617497066608
0.8159557654023953
0.8149307323390105
0.8138854662321833
0.8128187132321393
0.8117291438546207
0.810615346333607
0.8094758193294207
0.8083089639175115
0.8071130747737333
0.8058863304611633
0.8046267827112196
0.8033323445778702
0.8020007773278501
0.8006296759117074
0.7992164528400013
0.7977583202656675
0.7962522700472519
0.7946950515380086
0.7930831468125024
0.7914127430051899
0.7896797013943059
0.7878795228194487
0.7860073089730103
0.7840577190550718
0.7820249212305982
0.7799025382799525
0.7776835867944943
0.7753604092468153
0.7729245982736472
0.7703669125694096
0.767677183931798
0.7648442152765337
0.7618556699209921
0.7586979532393378
0.7553560890884057
0.7518135954588925
0.7480523670269325
0.7440525772925586
0.7397926207601695
0.7352491276402074
0.7303971021609871
0.7252102644082898
0.7196617203275086
0.7137251539603259
0.7073768438174173
0.7005989723926592
0.6933849552633433
0.6857479078770393
0.6777339496325151
0.669442868899547
0.661059734760247
0.6529021257396852
0.6454879477132635
0.6396261489033018
0.6365221967468428
0.637863838827034
0.6458033802266272
0.6626933346027014
0.69042967619304
0.7294299082211437
0.7776554462238079
0.8304181204245215
0.8815091362774102
0.9252944328003437
0.95852059741595
0.9807493321261344
0.9935156851406824
0.9991241500984152
0.9997943564708147
0.9972943763884404
0.9928928500716594
0.9874443720849624
0.981501113996454
0.9754085424059102
0.9693760324146697
0.9635253576901506
0.957922768978499
0.9525997965839799
0.9475665954427963
0.9428204523673291
0.9383511835679932
0.9341445407437082
0.9301843431768848
0.9264537948350585
0.9229362802835864
0.9196158278690837
0.9164773613823514
0.9135068183465948
0.9106911853921134
0.9080184833047685
0.9054777227492464
0.9030588441320343
0.9007526501555595
0.89855073640799
0.8964454232417904
0.894429690834503
0.8924971184470746
0.8906418283341749
0.8888584344090676
0.8871419955512502
0.8854879733207105
0.8838921937767875
0.8823508130712553
0.8808602864804551
0.8794173405508775
0.8780189480504212
0.8766623054397218
0.8753448126018548
0.8740640545928134
0.8728177851984068
0.8716039121051488
0.8704204835129491
0.8692656760358853
0.8681377837540896
0.8670352082947859
0.8659564498339701
0.8649000989222038
0.8638648290486377
0.8628493898668363
0.8618526010143234
0.8608733464652171
0.8599105693618323
0.8589632672769653
0.8580304878636813
0.8571113248539771
0.8562049143716877
0.8553104315285711
0.8544270872756496
0.8535541254846504
0.8526908202368806
0.8518364732990275
0.8509904117673263
0.850151985863247
0.84932056686535
0.8484955451633297
0.8476763284214173
0.8468623398393941
0.8460530165003438
0.8452478077951184
0.8444461739141708
0.8436475843980354
0.8428515167382495
0.842057455020981
0.8412648886059751
0.8404733108337873
0.8396822177544702
0.8388911068711109
0.8380994758917271
0.8373068214831093
0.836512638020221
0.8357164163247358
0.834917642386204
0.834115796059188
0.8333103497295254
0.8325007669425927
0.8316865009861462
0.8308669934198935
0.8300416725435206
0.8292099517943295
0.8283712280650248
0.8275248799314703
0.8266702657794103
0.8258067218182102
0.8249335599686058
0.8240500656102507
0.8231554951734809
0.8222490735581693
0.8213299913608072
0.8203974018889754
0.8194504179401421
0.8184881083192063
0.8175094940663737
0.816513544363723
0.8154991720851877
0.8144652289505593
0.8134105002394414
0.8123336990157825
0.8112334598076191
0.8101083316798128
0.808956770629808
0.8077771312276212
0.8065676574112165
0.8053264723370176
0.8040515671722666
0.8027407887011908
0.8013918256000472
0.8000021932170316
0.7985692166712777
0.7970900120605922
0.7955614655397408
0.7939802099998211
0.7923425990442005
0.7906446779175481
0.7888821510016277
0.7870503454449914
0.7851441704442934
0.7831580716439643
0.7810859800710475
0.7789212549771422
0.7766566199264999
0.7742840914587947
0.7717948996834757
0.7691794002551383
0.7664269773746981
0.7635259378183457
0.7604633966052806
0.7572251559132218
0.7537955804472417
0.7501574749834621
0.746291973737404
0.742178457307114
0.7377945223890916
0.7331160440857226
0.7281173932587851
0.7227719064691072
0.7170527604949521
0.7109344879937575
0.7043955021285927
0.6974222009769231
0.6900155338475417
0.6822013809953295
0.6740467832531248
0.6656849965961288
0.6573534682054268
0.6494497222042761
0.6426095114240306
0.6378062437064277
0.6364542796606357
0.6404624322836816
0.6521262055835252
0.6737008437161839
0.7065585306424987
0.7501095003698084
0.8010787397920577
0.8538786168319209
0.9022817647757173
0.9415649251608736
0.9697743615063107
0.9875041922233904
0.9967715484331482
0.9999173112506046
0.9989802072163353
0.9954991529313837
0.9905436780829199
0.9848196305148808
0.9787762739372866
0.9726908476474416
0.9667286151641964
0.9609832977026191
0.9555035443566134
0.9503100011127362
0.9454062261044748
0.940785632754925
0.9364358851809892
0.9323416631513818
0.9284863840421508
0.9248532575994081
0.9214259142594471
0.918188761636014
0.9151271687278603
0.9122275420847704
0.9094773354234698
0.9068650194717377
0.9043800292661143
0.9020126999075774
0.8997541977207341
0.8975964511132589
0.895532083706713
0.8935543511908658
0.8916570826339106
0.889834626524572
0.8880818015389498
0.8863938518556739
0.8847664067479578
0.8831954441341352
0.8816772577518983
0.8802084276239855
0.8787857934969665
0.877406430954908
0.8760676299329301
0.8747668753797888
0.8735018298424394
0.8722703177682377
0.8710703113416259
0.8698999176915979
0.8687573673239541
0.8676410036482882
0.8665492734839646
0.8654807184421152
0.8644339670920419
0.8634077278305292
0.8624007823814932
0.8614119798613422
0.8604402313524147
0.8594845049331034
0.8585438211187179
0.8576172486720259
0.8567039007466978
0.8558029313306654
0.8549135319597935
0.8540349286752144
0.8531663792003261
0.8523071703157917
0.8514566154129184
0.8506140522076721
0.8497788405991461
0.8489503606577974
0.8481280107299768
0.8473112056464411
0.8464993750234978
0.84569196164631
0.8448884199246447
0.8440882144120159
0.8432908183797316
0.8424957124378797
0.8417023831956609
0.8409103219538573
0.840119023422502
0.8393279844570263
0.8385367028063379
0.8377446758663716
0.8369513994327434
0.8361563664460733
0.8353590657235642
0.8345589806702378
0.8337555879631036
0.8329483562013078
0.8321367445149925
0.8313202011252782
0.8304981618473356
0.8296700485280133
0.8288352674089267
0.8279932074052414
0.8271432382895959
0.8262847087697622
0.8254169444476515
0.8245392456461058
0.823650885088708
0.822751105416322
0.8218391165225281
0.8209140926881827
0.8199751694933614
0.8190214404824802
0.8180519535558252
0.8170657070576568
0.8160616455276958
0.8150386550789152
0.8139955583602373
0.812931109057764
0.8118439858825862
0.810732785986835
0.8095960177424117
0.8084320928086185
0.8072393174055591
0.8060158826995248
0.8047598541945056
0.8034691600101447
0.8021415779108261
0.8007747209326991
0.7993660214352235
0.7979127133808412
0.7964118126203599
0.7948600949323005
0.7932540715315409
0.7915899617257551
0.7898636623574812
0.7880707136250539
0.7862062608277214
0.7842650115298909
0.7822411875885734
0.7801284714397575
0.7779199459989518
0.7756080275066264
0.7731843906537176
0.7706398853756798
0.7679644448363393
0.7651469843817591
0.7621752917008507
0.7590359091920533
0.7557140107700296
0.7521932773063731
0.7484557779725628
0.7444818695398241
0.7402501331124836
0.7357373792597909
0.7309187702909855
0.7257681359579258
0.720258601581377
0.7143637139148387
0.7080593530524406
0.7013268783528361
0.6941582025433614
0.6865638633693835
0.678585721089219
0.670316707293667
0.6619310922267684
0.6537298427341228
0.6462060959680357
0.6401335878197902
0.6366715724673883
0.6374555201451249
0.6445959791131137
0.6604477401246526
0.6869977081950417
0.7248696025169334
0.7723101190935264
0.8248786710920204
0.8764356005856118
0.9211856268240646
0.9555791390852794
0.9789078464022133
0.9925586782818026
0.9988046296064215
0.999898770524035
0.9976622907526014
0.9934131097996105
0.9880437676064708
0.9821331127204611
0.976044460341372
0.9699987896689372
0.9641252828563865
0.9584948557128263
0.9531419356847352
0.9480784446936114
0.9433027177848586
0.9388051644502081
0.9345718435216012
0.9305867032491766
0.9268329674797353
0.9232939757213742
0.9199536744706142
0.9167968867101487
0.9138094413792267
0.910978215633212
0.9082911240033907
0.9057370764475107
0.9033059194004732
0.9009883687971019
0.8987759406859653
0.8966608828661102
0.8946361095561389
0.8926951401854883
0.890832042809615
0.8890413822809718
0.887318173081474
0.8856578365901214
0.8840561624885811
0.882509273976035
0.8810135964577926
0.8795658293806181
0.8781629209048678
0.8768020451254158
0.8754805815771324
0.874196096784835
0.8729463276409806
0.8717291664164647
0.8705426472302953
0.8693849338225882
0.8682543084922384
0.8671491620758239
0.8660679848578886
0.8650093583149018
0.863971947605945
0.8629544947327727
0.8619558123003418
0.860974777816426
0.860010328475585
0.8590614563785839
0.858127204143618
0.8572066608702363
0.8562989584209574
0.8554032679891524
0.8545187969249614
0.853644785793815
0.8527805056446497
0.8519252554670945
0.8510783598188838
0.8502391666064615
0.8494070450033052
0.8485813834918262
0.8477615880159367
0.8469470802323825
0.8461372958499289
0.845331683046269
0.84452970095324
0.8437308182015703
0.8429345115169107
0.8421402643593502
0.8413475655990124
0.8405559082206587
0.8397647880504451
0.8389737024982189
0.8381821493088374
0.8373896253161089
0.8365956251929559
0.8357996401913869
0.8350011568657849
0.8341996557728693
0.8333946101415052
0.8325854845052809
0.831771733290443
0.8309527993514109
0.830128112445631
0.829297087638993
0.8284591236324104
0.8276136009994811
0.8267598803242902
0.8258973002275383
0.8250251752680782
0.824142793705808
0.8232494151104613
0.8223442677993695
0.8214265460854938
0.8204954073151293
0.819549968672452
0.8185893037256124
0.8176124386862658
0.816618348351263
0.8156059516916188
0.8145741070498254
0.8135216069019511
0.8124471721357406
0.8113494457900127
0.8102269861938797
0.8090782594367014
0.8079016310909314
0.8066953571001366
0.8054575737331923
0.8041862864928176
0.8028793578520219
0.8015344936754232
0.8001492281635099
0.7987209071364867
0.7972466694500564
0.7957234263080175
0.7941478382056427
0.7925162892031725
0.7908248581901861
0.7890692867591752
0.7872449432604779
0.7853467825615451
0.7833693009826067
0.7813064858306106
0.7791517589076373
0.7768979133354559
0.7745370430243476
0.7720604641376898
0.769458627988053
0.7667210249828874
0.7638360795745567
0.7607910367468381
